000000000
0003170915000
00262794849362635841600
0094853627362794859485362700
00091500311111117009111150000
00262178484848431111116848484217000
0036363170378483730727272075003703703700
00295736815936375037311739460811115362600
0000915031111709150091150311111170911115000
00384847384737914911148484843184848470094948400
000000003905626021806126251162600081111502793650000
0000317091536000085317091502621859005848480000062626200611400
000038511800517000000000000000081111248484862620519000071140000
0000031117000009111111300000000005170000031117000911113005111700
0031111170031700000000003111784848484848482626262626262511190000000000511
000002111111111111111111117093759375937593759374826482648264826482648400000
0000000000031111111184848484848470000000000009262626262626111111115000000000000
0000000311111111626262626268484848484830000000007111111150003111709111500031111111
00000000031111848485708431119059051737037009509591307307111115260936262611500000000
00379137503111957091111153111111900071351170000091111115000039057373907371351173700000
0000384900511117000000000000000000000091258063580063058000630005800006115000000000000000000
00268484262684842626848426268484262684842626848426284846262848462628484626284846262848462626000
0002111111160000000021111111116811111111140000000082000000006111111111241111111118000000061111114000
00031111117000002848484847084842794262609262626262626262626500000000384848061351162600000911111150000
00021116269111158484850318484841117959595959500820007142700000311111111117094949494949300007111503703700000
0000009153111179111115311117000911153111791111531111708485031194804739595905973597359735973737137371153731700
000084840002621111111184848484848484600000000262626262626268111111148484848484848200000000626262626262650000000
0093075953737915373791537379153737915373739000000000000570000000000003959597135959713595971359597135959737509300
00000000000000930000000000007500000000000000000000000000390000000000005700000000000003900000000000000000000000000000
000311111111116262626260000000000926262626200000000071111111115000000000311111111162626262691111111112626262511111111
00311111621111111111160262684840811111148484811150311111111111111116021626268484814081111115000008484848111111481111500
00000000000000003111111111111900000000000000711111111115000000000000311111111900000000007111111500000000311119000000711500000
008484853947395739573957395739570000000000000000826482648264826482648262005739573957395739573959000000000648264826482648264826400003111111111
00000000000000000000000000000000000000021949626359734848497373730004602180737120048624806248062484700000031900000007111300484848486262614279400
0000268126402602804626268148400820626400260284628004626840848482064002111848046260000820064814260826120648400028484626848142111848004602608140811261426000
00311118511111170091111115311111111709111149115031162700848126271500003194841172600849509150915311111111117000000000009111300000000007111150031170848409111111150000
003636811114211116853621111681111482063737150031170311111119000071111300000511117000037000380056262626008585858585858585858130595959595959596111111115373737095959500
0000000009306500031111111626848111111150003805111111111111117848484848481503195848484848484849005170311184800626111509130072626262626262637150316262626262691111111111111
002626262626262626268484848484848484820597359614095270913596204972056311160038058594859711134196262650368403117815927113613484857094219000005961306115038560360837275269500
0003111111791150311791111135190711500003851170091134197148503111190570379509307111150000394111117911114216814211117911111375031117911152111784269120714000218517000913590748153795000
002958563957270927153781271409306358714003603781531180480460395116852180049734857316082750378150915316038005957037940959593730626273737502795039570092612007371427095316217031848004703700
000262626268484848484850031848484847000311900007113484848484848711111130051111111170000095959595000000949494930071585858536363631111111111111119000000000000000000000071111500000000000000000
002846848262061402626262848484848460268426842684268426842684268426849362486248624862486248624862486484848493626265000000000000039484862620048484848470000000000820000000064848403957000000311111190000000000000000000
009531117959111485311636311726260811595959508115036262626095937500395739573957395739517848484848485094943111111180059595900000007593759375937593759304848484841180061111305118000626371137351111959595971159593007591300
00211111111111111162626262626262626262626911111111111111112626262626262626262625111111111111116262626262626262626911111111111126262626262626262511111111116262626262626269111111112626262626262511111162626262626911112626262625116262600
0092061537953162858587351603795003791200648493737502626848403959590563111900624800735160394846262709591359064849500031179115000093000071115959595953626290735185905179537953791375031118417311190061537913620005703184873007113511195900062517000009595028570850379500
000000000000000003111119000000004600000000390000000460000000390000004600000039000004600000390000460000390004600039004600390460394626848275082075008200750008200075000082000075000008200000750000008200000075000000082000000075000000008200000000711111500000000000000000
00311111170000311117848484848403111791115311117911115311111791111153111111791111115311111791111153111179111153111791115311791153179150311708484811262620511907135197113511971113511197111135111197111113511111971111113511111197111113511111971111351111971113511190626262626251111700
000000000000000003119000000051111626262626262600000000848484848484811111300000000007500000000000311111118484848484848000000000062626262626261111115000000093000000005111111116262626262626000000000000848484848484811111111130000000000000511700000000003111848484848484800000062626262626261150000003111700008483000750000003848484848480062626261130005626262626262600008484848484848130000000005117000
009137503737031906359004600268403179150031179115003179150082000000000071500915311791153117911531179115311791153111119005190071351190071135190073006204170003700031111791115003111791111500091500911111150000311117911115000031111179111115000031111197111130051111190071111130051111900711113005111117911115311117000091111531111170000911111531111700911111153111111184848484848484848486262626262626262650000003700390057003900570039000